host
local
Interval
0.00
0.10
0.20
0.30
0.40
0.50
0.60
0.70
0.80
0.90
1.00
1.10
1.20
1.30
1.40
1.50
1.60
1.70
1.80
1.90
2.00
2.10
2.20
2.30
2.40
2.50
2.60
2.70
2.80
2.90
3.00
3.10
3.20
3.30
3.40
3.50
3.60
3.70
3.80
3.90
4.00
4.10
4.20
4.30
4.40
4.50
4.60
4.70
4.80
4.90
5.00
5.10
5.20
5.30
5.40
5.50
5.60
5.70
5.80
5.90
6.00
6.10
6.20
6.30
6.40
6.50
6.60
6.70
6.80
6.90
7.00
7.10
7.20
7.30
7.40
7.50
7.60
7.70
7.80
7.90
8.00
8.10
8.20
8.30
8.40
8.50
8.60
8.70
8.80
8.90
9.00
9.10
9.20
9.30
9.40
9.50
9.60
9.70
9.80
9.90
10.00
10.10
10.20
10.30
10.40
10.50
10.60
10.70
10.80
10.90
11.00
11.10
11.20
11.30
11.40
11.50
11.60
11.70
11.80
11.90
12.00
12.10
12.20
12.30
12.40
12.50
12.60
12.70
12.80
12.90
13.00
13.10
13.20
13.30
13.40
13.50
13.60
13.70
13.80
13.90
14.00
14.10
14.20
14.30
14.40
14.50
14.60
14.70
14.80
14.90
15.00
15.10
15.20
15.30
15.40
15.50
15.60
15.70
15.80
15.90
16.00
16.10
16.20
16.30
16.40
16.50
16.60
16.70
16.80
16.90
17.00
17.10
17.20
17.30
17.40
17.50
17.60
17.70
17.80
17.90
18.00
18.10
18.20
18.30
18.40
18.50
18.60
18.70
18.80
18.90
19.00
19.10
19.20
19.30
19.40
19.50
19.60
19.70
19.80
19.90
20.00
20.10
20.20
20.30
20.40
20.50
20.60
20.70
20.80
20.90
21.00
21.10
21.20
21.30
21.40
21.50
21.60
21.70
21.80
21.90
22.00
22.10
22.20
22.30
22.40
22.50
22.60
22.70
22.80
22.90
23.00
23.10
23.20
23.30
23.40
23.50
23.60
23.70
23.80
23.90
24.00
24.10
24.20
24.30
24.40
24.50
24.60
24.70
24.80
24.90
25.00
25.10
25.20
25.30
25.40
25.50
25.60
25.70
25.80
25.90
26.00
26.10
26.20
26.30
26.40
26.50
26.60
26.70
26.80
26.90
27.00
27.10
27.20
27.30
27.40
27.50
27.60
27.70
27.80
27.90
28.00
28.10
28.20
28.30
28.40
28.50
28.60
28.70
28.80
28.90
29.00
29.10
29.20
29.30
29.40
29.50
29.60
29.70
29.80
29.90
30.00
30.10
30.20
30.30
30.40
30.50
30.60
30.70
30.80
30.90
31.00
31.10
31.20
31.30
31.40
31.50
31.60
31.70
31.80
31.90
32.00
32.10
32.20
32.30
32.40
32.50
32.60
32.70
32.80
32.90
33.00
33.10
33.20
33.30
33.40
33.50
33.60
33.70
33.80
33.90
34.00
34.10
34.20
34.30
34.40
34.50
34.60
34.70
34.80
34.90
35.00
35.10
35.20
35.30
35.40
35.50
35.60
35.70
35.80
35.90
36.00
36.10
36.20
36.30
36.40
36.50
36.60
36.70
36.80
36.90
37.00
37.10
37.20
37.30
37.40
37.50
37.60
37.70
37.80
37.90
38.00
38.10
38.20
38.30
38.40
38.50
38.60
38.70
38.80
38.90
39.00
39.10
39.20
39.30
39.40
39.50
39.60
39.70
39.80
39.90
40.00
40.10
40.20
40.30
40.40
40.50
40.60
40.70
40.80
40.90
41.00
41.10
41.20
41.30
41.40
41.50
41.60
41.70
41.80
41.90
42.00
42.10
42.20
42.30
42.40
42.50
42.60
42.70
42.80
42.90
43.00
43.10
43.20
43.30
43.40
43.50
43.60
43.70
43.80
43.90
44.00
44.10
44.20
44.30
44.40
44.50
44.60
44.70
44.80
44.90
45.00
45.10
45.20
45.30
45.40
45.50
45.60
45.70
45.80
45.90
46.00
46.10
46.20
46.30
46.40
46.50
46.60
46.70
46.80
46.90
47.00
47.10
47.20
47.30
47.40
47.50
47.60
47.70
47.80
47.90
48.00
48.10
48.20
48.30
48.40
48.50
48.60
48.70
48.80
48.90
49.00
49.10
49.20
49.30
49.40
49.50
49.60
49.70
49.80
49.90
50.00
50.10
50.20
50.30
50.40
50.50
50.60
50.70
50.80
50.90
51.00
51.10
51.20
51.30
51.40
51.50
51.60
51.70
51.80
51.90
52.00
52.10
52.20
52.30
52.40
52.50
52.60
52.70
52.80
52.90
53.00
53.10
53.20
53.30
53.40
53.50
53.60
53.70
53.80
53.90
54.00
54.10
54.20
54.30
54.40
54.50
54.60
54.70
54.80
54.90
55.00
55.10
55.20
55.30
55.40
55.50
55.60
55.70
55.80
55.90
56.00
56.10
56.20
56.30
56.40
56.50
56.60
56.70
56.80
56.90
57.00
57.10
57.20
57.30
57.40
57.50
57.60
57.70
57.80
57.90
58.00
58.10
58.20
58.30
58.40
58.50
58.60
58.70
58.80
58.90
59.00
59.10
59.20
59.30
59.40
59.50
59.60
59.70
59.80
59.90
60.00
60.10
60.20
60.30
60.40
60.50
60.60
60.70
60.80
60.90
61.00
61.10
61.20
61.30
61.40
61.50
61.60
61.70
61.80
61.90
62.00
62.10
62.20
62.30
62.40
62.50
62.60
62.70
62.80
62.90
63.00
63.10
63.20
63.30
63.40
63.50
63.60
63.70
63.80
63.90
64.00
64.10
64.20
64.30
64.40
64.50
64.60
64.70
64.80
64.90
65.00
65.10
65.20
65.30
65.40
65.50
65.60
65.70
65.80
65.90
66.00
66.10
66.20
66.30
66.40
66.50
66.60
66.70
66.80
66.90
67.00
67.10
67.20
67.30
67.40
67.50
67.60
67.70
67.80
67.90
68.00
68.10
68.20
68.30
68.40
68.50
68.60
68.70
68.80
68.90
69.00
69.10
69.20
69.30
69.40
69.50
69.60
69.70
69.80
69.90
70.00
70.10
70.20
70.30
70.40
70.50
70.60
70.70
70.80
70.90
71.00
71.10
71.20
71.30
71.40
71.50
71.60
71.70
71.80
71.90
72.00
72.10
72.20
72.30
72.40
72.50
72.60
72.70
72.80
72.90
73.00
73.10
73.20
73.30
73.40
73.50
73.60
73.70
73.80
73.90
74.00
74.10
74.20
74.30
74.40
74.50
74.60
74.70
74.80
74.90
75.00
75.10
75.20
75.30
75.40
75.50
75.60
75.70
75.80
75.90
76.00
76.10
76.20
76.30
76.40
76.50
76.60
76.70
76.80
76.90
77.00
77.10
77.20
77.30
77.40
77.50
77.60
77.70
77.80
77.90
78.00
78.10
78.20
78.30
78.40
78.50
78.60
78.70
78.80
78.90
79.00
79.10
79.20
79.30
79.40
79.50
79.60
79.70
79.80
79.90
80.00
80.10
80.20
80.30
80.40
80.50
80.60
80.70
80.80
80.90
81.00
81.10
81.20
81.30
81.40
81.50
81.60
81.70
81.80
81.90
82.00
82.10
82.20
82.30
82.40
82.50
82.60
82.70
82.80
82.90
83.00
83.10
83.20
83.30
83.40
83.50
83.60
83.70
83.80
83.90
84.00
84.10
84.20
84.30
84.40
84.50
84.60
84.70
84.80
84.90
85.00
85.10
85.20
85.30
85.40
85.50
85.60
85.70
85.80
85.90
86.00
86.10
86.20
86.30
86.40
86.50
86.60
86.70
86.80
86.90
87.00
87.10
87.20
87.30
87.40
87.50
87.60
87.70
87.80
87.90
88.00
88.10
88.20
88.30
88.40
88.50
88.60
88.70
88.80
88.90
89.00
89.10
89.20
89.30
89.40
89.50
89.60
89.70
89.80
89.90
90.00
90.10
90.20
90.30
90.40
90.50
90.60
90.70
90.80
90.90
91.00
91.10
91.20
91.30
91.40
91.50
91.60
91.70
91.80
91.90
92.00
92.10
92.20
92.30
92.40
92.50
92.60
92.70
92.80
92.90
93.00
93.10
93.20
93.30
93.40
93.50
93.60
93.70
93.80
93.90
94.00
94.10
94.20
94.30
94.40
94.50
94.60
94.70
94.80
94.90
95.00
95.10
95.20
95.30
95.40
95.50
95.60
95.70
95.80
95.90
96.00
96.10
96.20
96.30
96.40
96.50
96.60
96.70
96.80
96.90
97.00
97.10
97.20
97.30
97.40
97.50
97.60
97.70
97.80
97.90
98.00
98.10
98.20
98.30
98.40
98.50
98.60
98.70
98.80
98.90
99.00
99.10
99.20
99.30
99.40
99.50
99.60
99.70
99.80
99.90
100.00
100.10
100.20
100.30
100.40
100.50
100.60
100.70
100.80
100.90
101.00
101.10
101.20
101.30
101.40
101.50
101.60
101.70
101.80
101.90
102.00
102.10
102.20
102.30
102.40
102.50
102.60
102.70
102.80
102.90
103.00
103.10
103.20
103.30
103.40
103.50
103.60
103.70
103.80
103.90
104.00
104.10
104.20
104.30
104.40
104.50
104.60
104.70
104.80
104.90
105.00
105.10
105.20
105.30
105.40
105.50
105.60
105.70
105.80
105.90
106.00
106.10
106.20
106.30
106.40
106.50
106.60
106.70
106.80
106.90
107.00
107.10
107.20
107.30
107.40
107.50
107.60
107.70
107.80
107.90
108.00
108.10
108.20
108.30
108.40
108.50
108.60
108.70
108.80
108.90
109.00
109.10
109.20
109.30
109.40
109.50
109.60
109.70
109.80
109.90
110.00
110.10
110.20
110.30
110.40
110.50
110.60
110.70
110.80
110.90
111.00
111.10
111.20
111.30
111.40
111.50
111.60
111.70
111.80
111.90
112.00
112.10
112.20
112.30
112.40
112.50
112.60
112.70
112.80
112.90
113.00
113.10
113.20
113.30
113.40
113.50
113.60
113.70
113.80
113.90
114.00
114.10
114.20
114.30
114.40
114.50
114.60
114.70
114.80
114.90
115.00
115.10
115.20
115.30
115.40
115.50
115.60
115.70
115.80
115.90
116.00
116.10
116.20
116.30
116.40
116.50
116.60
116.70
116.80
116.90
117.00
117.10
117.20
117.30
117.40
117.50
117.60
117.70
117.80
117.90
118.00
118.10
118.20
118.30
118.40
118.50
118.60
118.70
118.80
118.90
119.00
119.10
119.20
119.30
119.40
119.50
119.60
119.70
119.80
119.90
120.00
120.10
120.20
120.30
120.40
120.50
120.60
120.70
120.80
120.90
121.00
121.10
121.20
121.30
121.40
121.50
121.60
121.70
121.80
121.90
122.00
122.10
122.20
122.30
122.40
122.50
122.60
122.70
122.80
122.90
123.00
123.10
123.20
123.30
123.40
123.50
123.60
123.70
123.80
123.90
124.00
124.10
124.20
124.30
124.40
124.50
124.60
124.70
124.80
124.90
125.00
125.10
125.20
125.30
125.40
125.50
125.60
125.70
125.80
125.90
126.00
126.10
126.20
126.30
126.40
126.50
126.60
126.70
126.80
126.90
127.00
127.10
127.20
127.30
127.40
127.50
127.60
127.70
127.80
127.90
128.00
128.10
128.20
128.30
128.40
128.50
128.60
128.70
128.80
128.90
129.00
129.10
129.20
129.30
129.40
129.50
129.60
129.70
129.80
129.90
130.00
130.10
130.20
130.30
130.40
130.50
130.60
130.70
130.80
130.90
131.00
131.10
131.20
131.30
131.40
131.50
131.60
131.70
131.80
131.90
132.00
132.10
132.20
132.30
132.40
132.50
132.60
132.70
132.80
132.90
133.00
133.10
133.20
133.30
133.40
133.50
133.60
133.70
133.80
133.90
134.00
134.10
134.20
134.30
134.40
134.50
134.60
134.70
134.80
134.90
135.00
135.10
135.20
135.30
135.40
135.50
135.60
135.70
135.80
135.90
136.00
136.10
136.20
136.30
136.40
136.50
136.60
136.70
136.80
136.90
137.00
137.10
137.20
137.30
137.40
137.50
137.60
137.70
137.80
137.90
138.00
138.10
138.20
138.30
138.40
138.50
138.60
138.70
138.80
138.90
139.00
139.10
139.20
139.30
139.40
139.50
139.60
139.70
139.80
139.90
140.00
140.10
140.20
140.30
140.40
140.50
140.60
140.70
140.80
140.90
141.00
141.10
141.20
141.30
141.40
141.50
141.60
141.70
141.80
141.90
142.00
142.10
142.20
142.30
142.40
142.50
142.60
142.70
142.80
142.90
143.00
143.10
143.20
143.30
143.40
143.50
143.60
143.70
143.80
143.90
144.00
144.10
144.20
144.30
144.40
144.50
144.60
144.70
144.80
144.90
145.00
145.10
145.20
145.30
145.40
145.50
145.60
145.70
145.80
145.90
146.00
146.10
146.20
146.30
146.40
146.50
146.60
146.70
146.80
146.90
147.00
147.10
147.20
147.30
147.40
147.50
147.60
147.70
147.80
147.90
148.00
148.10
148.20
148.30
148.40
148.50
148.60
148.70
148.80
148.90
149.00
149.10
149.20
149.30
149.40
149.50
149.60
149.70
149.80
149.90
150.00
150.10
150.20
150.30
150.40
150.50
150.60
150.70
150.80
150.90
151.00
151.10
151.20
151.30
151.40
151.50
151.60
151.70
151.80
151.90
152.00
152.10
152.20
152.30
152.40
152.50
152.60
152.70
152.80
152.90
153.00
153.10
153.20
153.30
153.40
153.50
153.60
153.70
153.80
153.90
154.00
154.10
154.20
154.30
154.40
154.50
154.60
154.70
154.80
154.90
155.00
155.10
155.20
155.30
155.40
155.50
155.60
155.70
155.80
155.90
156.00
156.10
156.20
156.30
156.40
156.50
156.60
156.70
156.80
156.90
157.00
157.10
157.20
157.30
157.40
157.50
157.60
157.70
157.80
157.90
158.00
158.10
158.20
158.30
158.40
158.50
158.60
158.70
158.80
158.90
159.00
159.10
159.20
159.30
159.40
159.50
159.60
159.70
159.80
159.90
160.00
160.10
160.20
160.30
160.40
160.50
160.60
160.70
160.80
160.90
161.00
161.10
161.20
161.30
161.40
161.50
161.60
161.70
161.80
161.90
162.00
162.10
162.20
162.30
162.40
162.50
162.60
162.70
162.80
162.90
163.00
163.10
163.20
163.30
163.40
163.50
163.60
163.70
163.80
163.90
164.00
164.10
164.20
164.30
164.40
164.50
164.60
164.70
164.80
164.90
165.00
165.10
165.20
165.30
165.40
165.50
165.60
165.70
165.80
165.90
166.00
166.10
166.20
166.30
166.40
166.50
166.60
166.70
166.80
166.90
167.00
167.10
167.20
167.30
167.40
167.50
167.60
167.70
167.80
167.90
168.00
168.10
168.20
168.30
168.40
168.50
168.60
168.70
168.80
168.90
169.00
169.10
169.20
169.30
169.40
169.50
169.60
169.70
169.80
169.90
170.00
170.10
170.20
170.30
170.40
170.50
170.60
170.70
170.80
170.90
171.00
171.10
171.20
171.30
171.40
171.50
171.60
171.70
171.80
171.90
172.00
172.10
172.20
172.30
172.40
172.50
172.60
172.70
172.80
172.90
173.00
173.10
173.20
173.30
173.40
173.50
173.60
173.70
173.80
173.90
174.00
174.10
174.20
174.30
174.40
174.50
174.60
174.70
174.80
174.90
175.00
175.10
175.20
175.30
175.40
175.50
175.60
175.70
175.80
175.90
176.00
176.10
176.20
176.30
176.40
176.50
176.60
176.70
176.80
176.90
177.00
177.10
177.20
177.30
177.40
177.50
177.60
177.70
177.80
177.90
178.00
178.10
178.20
178.30
178.40
178.50
178.60
178.70
178.80
178.90
179.00
179.10
179.20
179.30
179.40
179.50
179.60
179.70
179.80
179.90
180.00
180.10
180.20
180.30
180.40
180.50
180.60
180.70
180.80
180.90
181.00
181.10
181.20
181.30
181.40
181.50
181.60
181.70
181.80
181.90
182.00
182.10
182.20
182.30
182.40
182.50
182.60
182.70
182.80
182.90
183.00
183.10
183.20
183.30
183.40
183.50
183.60
183.70
183.80
183.90
184.00
184.10
184.20
184.30
184.40
184.50
184.60
184.70
184.80
184.90
185.00
185.10
185.20
185.30
185.40
185.50
185.60
185.70
185.80
185.90
186.00
186.10
186.20
186.30
186.40
186.50
186.60
186.70
186.80
186.90
187.00
187.10
187.20
187.30
187.40
187.50
187.60
187.70
187.80
187.90
188.00
188.10
188.20
188.30
188.40
188.50
188.60
188.70
188.80
188.90
189.00
189.10
189.20
189.30
189.40
189.50
189.60
189.70
189.80
189.90
190.00
190.10
190.20
190.30
190.40
190.50
190.60
190.70
190.80
190.90
191.00
191.10
191.20
191.30
191.40
191.50
191.60
191.70
191.80
191.90
192.00
192.10
192.20
192.30
192.40
192.50
192.60
192.70
192.80
192.90
193.00
193.10
193.20
193.30
193.40
193.50
193.60
193.70
193.80
193.90
194.00
194.10
194.20
194.30
194.40
194.50
194.60
194.70
194.80
194.90
195.00
195.10
195.20
195.30
195.40
195.50
195.60
195.70
195.80
195.90
196.00
196.10
196.20
196.30
196.40
196.50
196.60
196.70
196.80
196.90
197.00
197.10
197.20
197.30
197.40
197.50
197.60
197.70
197.80
197.90
198.00
198.10
198.20
198.30
198.40
198.50
198.60
198.70
198.80
198.90
199.00
199.10
199.20
199.30
199.40
199.50
199.60
199.70
199.80
199.90
200.00
200.10
200.20
200.30
200.40
200.50
200.60
200.70
200.80
200.90
201.00
201.10
201.20
201.30
201.40
201.50
201.60
201.70
201.80
201.90
202.00
202.10
202.20
202.30
202.40
202.50
202.60
202.70
202.80
202.90
203.00
203.10
203.20
203.30
203.40
203.50
203.60
203.70
203.80
203.90
204.00
204.10
204.20
204.30
204.40
204.50
204.60
204.70
204.80
204.90
205.00
205.10
205.20
205.30
205.40
205.50
205.60
205.70
205.80
205.90
206.00
206.10
206.20
206.30
206.40
206.50
206.60
206.70
206.80
206.90
207.00
207.10
207.20
207.30
207.40
207.50
207.60
207.70
207.80
207.90
208.00
208.10
208.20
208.30
208.40
208.50
208.60
208.70
208.80
208.90
209.00
209.10
209.20
209.30
209.40
209.50
209.60
209.70
209.80
209.90
210.00
210.10
210.20
210.30
210.40
210.50
210.60
210.70
210.80
210.90
211.00
211.10
211.20
211.30
211.40
211.50
211.60
211.70
211.80
211.90
212.00
212.10
212.20
212.30
212.40
212.50
212.60
212.70
212.80
212.90
213.00
213.10
213.20
213.30
213.40
213.50
213.60
213.70
213.80
213.90
214.00
214.10
214.20
214.30
214.40
214.50
214.60
214.70
214.80
214.90
215.00
215.10
215.20
215.30
215.40
215.50
215.60
215.70
215.80
215.90
216.00
216.10
216.20
216.30
216.40
216.50
216.60
216.70
216.80
216.90
217.00
217.10
217.20
217.30
217.40
217.50
217.60
217.70
217.80
217.90
218.00
218.10
218.20
218.30
218.40
218.50
218.60
218.70
218.80
218.90
219.00
219.10
219.20
219.30
219.40
219.50
219.60
219.70
219.80
219.90
220.00
220.10
220.20
220.30
220.40
220.50
220.60
220.70
220.80
220.90
221.00
221.10
221.20
221.30
221.40
221.50
221.60
221.70
221.80
221.90
222.00
222.10
222.20
222.30
222.40
222.50
222.60
222.70
222.80
222.90
223.00
223.10
223.20
223.30
223.40
223.50
223.60
223.70
223.80
223.90
224.00
224.10
224.20
224.30
224.40
224.50
224.60
224.70
224.80
224.90
225.00
225.10
225.20
225.30
225.40
225.50
225.60
225.70
225.80
225.90
226.00
226.10
226.20
226.30
226.40
226.50
226.60
226.70
226.80
226.90
227.00
227.10
227.20
227.30
227.40
227.50
227.60
227.70
227.80
227.90
228.00
228.10
228.20
228.30
228.40
228.50
228.60
228.70
228.80
228.90
229.00
229.10
229.20
229.30
229.40
229.50
229.60
229.70
229.80
229.90
230.00
230.10
230.20
230.30
230.40
230.50
230.60
230.70
230.80
230.90
231.00
231.10
231.20
231.30
231.40
231.50
231.60
231.70
231.80
231.90
232.00
232.10
232.20
232.30
232.40
232.50
232.60
232.70
232.80
232.90
233.00
233.10
233.20
233.30
233.40
233.50
233.60
233.70
233.80
233.90
234.00
234.10
234.20
234.30
234.40
234.50
234.60
234.70
234.80
234.90
235.00
235.10
235.20
235.30
235.40
235.50
235.60
235.70
235.80
235.90
236.00
236.10
236.20
236.30
236.40
236.50
236.60
236.70
236.80
236.90
237.00
237.10
237.20
237.30
237.40
237.50
237.60
237.70
237.80
237.90
238.00
238.10
238.20
238.30
238.40
238.50
238.60
238.70
238.80
238.90
239.00
239.10
239.20
239.30
239.40
239.50
239.60
239.70
239.80
239.90
240.00
240.10
240.20
240.30
240.40
240.50
240.60
240.70
240.80
240.90
241.00
241.10
241.20
241.30
241.40
241.50
241.60
241.70
241.80
241.90
242.00
242.10
242.20
242.30
242.40
242.50
242.60
242.70
242.80
242.90
243.00
243.10
243.20
243.30
243.40
243.50
243.60
243.70
243.80
243.90
244.00
244.10
244.20
244.30
244.40
244.50
244.60
244.70
244.80
244.90
245.00
245.10
245.20
245.30
245.40
245.50
245.60
245.70
245.80
245.90
246.00
246.10
246.20
246.30
246.40
246.50
246.60
246.70
246.80
246.90
247.00
247.10
247.20
247.30
247.40
247.50
247.60
247.70
247.80
247.90
248.00
248.10
248.20
248.30
248.40
248.50
248.60
248.70
248.80
248.90
249.00
249.10
249.20
249.30
249.40
249.50
249.60
249.70
249.80
249.90
250.00
250.10
250.20
250.30
250.40
250.50
250.60
250.70
250.80
250.90
251.00
251.10
251.20
251.30
251.40
251.50
251.60
251.70
251.80
251.90
252.00
252.10
252.20
252.30
252.40
252.50
252.60
252.70
252.80
252.90
253.00
253.10
253.20
253.30
253.40
253.50
253.60
253.70
253.80
253.90
254.00
254.10
254.20
254.30
254.40
254.50
254.60
254.70
254.80
254.90
255.00
255.10
255.20
255.30
255.40
255.50
255.60
255.70
255.80
255.90
256.00
256.10
256.20
256.30
256.40
256.50
256.60
256.70
256.80
256.90
257.00
257.10
257.20
257.30
257.40
257.50
257.60
257.70
257.80
257.90
258.00
258.10
258.20
258.30
258.40
258.50
258.60
258.70
258.80
258.90
259.00
259.10
259.20
259.30
259.40
259.50
259.60
259.70
259.80
259.90
260.00
260.10
260.20
260.30
260.40
260.50
260.60
260.70
260.80
260.90
261.00
261.10
261.20
261.30
261.40
261.50
261.60
261.70
261.80
261.90
262.00
262.10
262.20
262.30
262.40
262.50
262.60
262.70
262.80
262.90
263.00
263.10
263.20
263.30
263.40
263.50
263.60
263.70
263.80
263.90
264.00
264.10
264.20
264.30
264.40
264.50
264.60
264.70
264.80
264.90
265.00
265.10
265.20
265.30
265.40
265.50
265.60
265.70
265.80
265.90
266.00
266.10
266.20
266.30
266.40
266.50
266.60
266.70
266.80
266.90
267.00
267.10
267.20
267.30
267.40
267.50
267.60
267.70
267.80
267.90
268.00
268.10
268.20
268.30
268.40
268.50
268.60
268.70
268.80
268.90
269.00
269.10
269.20
269.30
269.40
269.50
269.60
269.70
269.80
269.90
270.00
270.10
270.20
270.30
270.40
270.50
270.60
270.70
270.80
270.90
271.00
271.10
271.20
271.30
271.40
271.50
271.60
271.70
271.80
271.90
272.00
272.10
272.20
272.30
272.40
272.50
272.60
272.70
272.80
272.90
273.00
273.10
273.20
273.30
273.40
273.50
273.60
273.70
273.80
273.90
274.00
274.10
274.20
274.30
274.40
274.50
274.60
274.70
274.80
274.90
275.00
275.10
275.20
275.30
275.40
275.50
275.60
275.70
275.80
275.90
276.00
276.10
276.20
276.30
276.40
276.50
276.60
276.70
276.80
276.90
277.00
277.10
277.20
277.30
277.40
277.50
277.60
277.70
277.80
277.90
278.00
278.10
278.20
278.30
278.40
278.50
278.60
278.70
278.80
278.90
279.00
279.10
279.20
279.30
279.40
279.50
279.60
279.70
279.80
279.90
280.00
280.10
280.20
280.30
280.40
280.50
280.60
280.70
280.80
280.90
281.00
281.10
281.20
281.30
281.40
281.50
281.60
281.70
281.80
281.90
282.00
282.10
282.20
282.30
282.40
282.50
282.60
282.70
282.80
282.90
283.00
283.10
283.20
283.30
283.40
283.50
283.60
283.70
283.80
283.90
284.00
284.10
284.20
284.30
284.40
284.50
284.60
284.70
284.80
284.90
285.00
285.10
285.20
285.30
285.40
285.50
285.60
285.70
285.80
285.90
286.00
286.10
286.20
286.30
286.40
286.50
286.60
286.70
286.80
286.90
287.00
287.10
287.20
287.30
287.40
287.50
287.60
287.70
287.80
287.90
288.00
288.10
288.20
288.30
288.40
288.50
288.60
288.70
288.80
288.90
289.00
289.10
289.20
289.30
289.40
289.50
289.60
289.70
289.80
289.90
290.00
290.10
290.20
290.30
290.40
290.50
290.60
290.70
290.80
290.90
291.00
291.10
291.20
291.30
291.40
291.50
291.60
291.70
291.80
291.90
292.00
292.10
292.20
292.30
292.40
292.50
292.60
292.70
292.80
292.90
293.00
293.10
293.20
293.30
293.40
293.50
293.60
293.70
293.80
293.90
294.00
294.10
294.20
294.30
294.40
294.50
294.60
294.70
294.80
294.90
295.00
295.10
295.20
295.30
295.40
295.50
295.60
295.70
295.80
295.90
296.00
296.10
296.20
296.30
296.40
296.50
296.60
296.70
296.80
296.90
297.00
297.10
297.20
297.30
297.40
297.50
297.60
297.70
297.80
297.90
298.00
298.10
298.20
298.30
298.40
298.50
298.60
298.70
298.80
298.90
299.00
299.10
299.20
299.30
299.40
299.50
299.60
299.70
299.80
299.90
300.00
300.10
300.20
300.30
300.40
300.50
300.60
300.70
300.80
300.90
301.00
301.10
301.20
301.30
301.40
301.50
301.60
301.70
301.80
301.90
302.00
302.10
302.20
302.30
302.40
302.50
302.60
302.70
302.80
302.90
303.00
303.10
303.20
303.30
303.40
303.50
303.60
303.70
303.80
303.90
304.00
304.10
304.20
304.30
304.40
304.50
304.60
304.70
304.80
304.90
305.00
305.10
305.20
305.30
305.40
305.50
305.60
305.70
305.80
305.90
306.00
306.10
306.20
306.30
306.40
306.50
306.60
306.70
306.80
306.90
307.00
307.10
307.20
307.30
307.40
307.50
307.60
307.70
307.80
307.90
308.00
308.10
308.20
308.30
308.40
308.50
308.60
308.70
308.80
308.90
309.00
309.10
309.20
309.30
309.40
309.50
309.60
309.70
309.80
309.90
310.00
310.10
310.20
310.30
310.40
310.50
310.60
310.70
310.80
310.90
311.00
311.10
311.20
311.30
311.40
311.50
311.60
311.70
311.80
311.90
312.00
312.10
312.20
312.30
312.40
312.50
312.60
312.70
312.80
312.90
313.00
313.10
313.20
313.30
313.40
313.50
313.60
313.70
313.80
313.90
314.00
314.10
314.20
314.30
314.40
314.50
314.60
314.70
314.80
314.90
315.00
315.10
315.20
315.30
315.40
315.50
315.60
315.70
315.80
315.90
316.00
316.10
316.20
316.30
316.40
316.50
316.60
316.70
316.80
316.90
317.00
317.10
317.20
317.30
317.40
317.50
317.60
317.70
317.80
317.90
318.00
318.10
318.20
318.30
318.40
318.50
318.60
318.70
318.80
318.90
319.00
319.10
319.20
319.30
319.40
319.50
319.60
319.70
319.80
319.90
320.00
320.10
320.20
320.30
320.40
320.50
320.60
320.70
320.80
320.90
321.00
321.10
321.20
321.30
321.40
321.50
321.60
321.70
321.80
321.90
322.00
322.10
322.20
322.30
322.40
322.50
322.60
322.70
322.80
322.90
323.00
323.10
323.20
323.30
323.40
323.50
323.60
323.70
323.80
323.90
324.00
324.10
324.20
324.30
324.40
324.50
324.60
324.70
324.80
324.90
325.00
325.10
325.20
325.30
325.40
325.50
325.60
325.70
325.80
325.90
326.00
326.10
326.20
326.30
326.40
326.50
326.60
326.70
326.80
326.90
327.00
327.10
327.20
327.30
327.40
327.50
327.60
327.70
327.80
327.90
328.00
328.10
328.20
328.30
328.40
328.50
328.60
328.70
328.80
328.90
329.00
329.10
329.20
329.30
329.40
329.50
329.60
329.70
329.80
329.90
330.00
330.10
330.20
330.30
330.40
330.50
330.60
330.70
330.80
330.90
331.00
331.10
331.20
331.30
331.40
331.50
331.60
331.70
331.80
331.90
332.00
332.10
332.20
332.30
332.40
332.50
332.60
332.70
332.80
332.90
333.00
333.10
333.20
333.30
333.40
333.50
333.60
333.70
333.80
333.90
334.00
334.10
334.20
334.30
334.40
334.50
334.60
334.70
334.80
334.90
335.00
335.10
335.20
335.30
335.40
335.50
335.60
335.70
335.80
335.90
336.00
336.10
336.20
336.30
336.40
336.50
336.60
336.70
336.80
336.90
337.00
337.10
337.20
337.30
337.40
337.50
337.60
337.70
337.80
337.90
338.00
338.10
338.20
338.30
338.40
338.50
338.60
338.70
338.80
338.90
339.00
339.10
339.20
339.30
339.40
339.50
339.60
339.70
339.80
339.90
340.00
340.10
340.20
340.30
340.40
340.50
340.60
340.70
340.80
340.90
341.00
341.10
341.20
341.30
341.40
341.50
341.60
341.70
341.80
341.90
342.00
342.10
342.20
342.30
342.40
342.50
342.60
342.70
342.80
342.90
343.00
343.10
343.20
343.30
343.40
343.50
343.60
343.70
343.80
343.90
344.00
344.10
344.20
344.30
344.40
344.50
344.60
344.70
344.80
344.90
345.00
345.10
345.20
345.30
345.40
345.50
345.60
345.70
345.80
345.90
346.00
346.10
346.20
346.30
346.40
346.50
346.60
346.70
346.80
346.90
347.00
347.10
347.20
347.30
347.40
347.50
347.60
347.70
347.80
347.90
348.00
348.10
348.20
348.30
348.40
348.50
348.60
348.70
348.80
348.90
349.00
349.10
349.20
349.30
349.40
349.50
349.60
349.70
349.80
349.90
350.00
350.10
350.20
350.30
350.40
350.50
350.60
350.70
350.80
350.90
351.00
351.10
351.20
351.30
351.40
351.50
351.60
351.70
351.80
351.90
352.00
352.10
352.20
352.30
352.40
352.50
352.60
352.70
352.80
352.90
353.00
353.10
353.20
353.30
353.40
353.50
353.60
353.70
353.80
353.90
354.00
354.10
354.20
354.30
354.40
354.50
354.60
354.70
354.80
354.90
355.00
355.10
355.20
355.30
355.40
355.50
355.60
355.70
355.80
355.90
356.00
356.10
356.20
356.30
356.40
356.50
356.60
356.70
356.80
356.90
357.00
357.10
357.20
357.30
357.40
357.50
357.60
357.70
357.80
357.90
358.00
358.10
358.20
358.30
358.40
358.50
358.60
358.70
358.80
358.90
359.00
359.10
359.20
359.30
359.40
359.50
359.60
359.70
359.80
359.90
360.00
360.10
360.20
360.30
360.40
360.50
360.60
360.70
360.80
360.90
361.00
361.10
361.20
361.30
361.40
361.50
361.60
361.70
361.80
361.90
362.00
362.10
362.20
362.30
362.40
362.50
362.60
362.70
362.80
362.90
363.00
363.10
363.20
363.30
363.40
363.50
363.60
363.70
363.80
363.90
364.00
364.10
364.20
364.30
364.40
364.50
364.60
364.70
364.80
364.90
365.00
365.10
365.20
365.30
365.40
365.50
365.60
365.70
365.80
365.90
366.00
366.10
366.20
366.30
366.40
366.50
366.60
366.70
366.80
366.90
367.00
367.10
367.20
367.30
367.40
367.50
367.60
367.70
367.80
367.90
368.00
368.10
368.20
368.30
368.40
368.50
368.60
368.70
368.80
368.90
369.00
369.10
369.20
369.30
369.40
369.50
369.60
369.70
369.80
369.90
370.00
370.10
370.20
370.30
370.40
370.50
370.60
370.70
370.80
370.90
371.00
371.10
371.20
371.30
371.40
371.50
371.60
371.70
371.80
371.90
372.00
372.10
372.20
372.30
372.40
372.50
372.60
372.70
372.80
372.90
373.00
373.10
373.20
373.30
373.40
373.50
373.60
373.70
373.80
373.90
374.00
374.10
374.20
374.30
374.40
374.50
374.60
374.70
374.80
374.90
375.00
375.10
375.20
375.30
375.40
375.50
375.60
375.70
375.80
375.90
376.00
376.10
376.20
376.30
376.40
376.50
376.60
376.70
376.80
376.90
377.00
377.10
377.20
377.30
377.40
377.50
377.60
377.70
377.80
377.90
378.00
378.10
378.20
378.30
378.40
378.50
378.60
378.70
378.80
378.90
379.00
379.10
379.20
379.30
379.40
379.50
379.60
379.70
379.80
379.90
380.00
380.10
380.20
380.30
380.40
380.50
380.60
380.70
380.80
380.90
381.00
381.10
381.20
381.30
381.40
381.50
381.60
381.70
381.80
381.90
382.00
382.10
382.20
382.30
382.40
382.50
382.60
382.70
382.80
382.90
383.00
383.10
383.20
383.30
383.40
383.50
383.60
383.70
383.80
383.90
384.00
384.10
384.20
384.30
384.40
384.50
384.60
384.70
384.80
384.90
385.00
385.10
385.20
385.30
385.40
385.50
385.60
385.70
385.80
385.90
386.00
386.10
386.20
386.30
386.40
386.50
386.60
386.70
386.80
386.90
387.00
387.10
387.20
387.30
387.40
387.50
387.60
387.70
387.80
387.90
388.00
388.10
388.20
388.30
388.40
388.50
388.60
388.70
388.80
388.90
389.00
389.10
389.20
389.30
389.40
389.50
389.60
389.70
389.80
389.90
390.00
390.10
390.20
390.30
390.40
390.50
390.60
390.70
390.80
390.90
391.00
391.10
391.20
391.30
391.40
391.50
391.60
391.70
391.80
391.90
392.00
392.10
392.20
392.30
392.40
392.50
392.60
392.70
392.80
392.90
393.00
393.10
393.20
393.30
393.40
393.50
393.60
393.70
393.80
393.90
394.00
394.10
394.20
394.30
394.40
394.50
394.60
394.70
394.80
394.90
395.00
395.10
395.20
395.30
395.40
395.50
395.60
395.70
395.80
395.90
396.00
396.10
396.20
396.30
396.40
396.50
396.60
396.70
396.80
396.90
397.00
397.10
397.20
397.30
397.40
397.50
397.60
397.70
397.80
397.90
398.00
398.10
398.20
398.30
398.40
398.50
398.60
398.70
398.80
398.90
399.00
399.10
399.20
399.30
399.40
399.50
399.60
399.70
399.80
399.90
400.00
400.10
400.20
400.30
400.40
400.50
400.60
400.70
400.80
400.90
401.00
401.10
401.20
401.30
401.40
401.50
401.60
401.70
401.80
401.90
402.00
402.10
402.20
402.30
402.40
402.50
402.60
402.70
402.80
402.90
403.00
403.10
403.20
403.30
403.40
403.50
403.60
403.70
403.80
403.90
404.00
404.10
404.20
404.30
404.40
404.50
404.60
404.70
404.80
404.90
405.00
405.10
405.20
405.30
405.40
405.50
405.60
405.70
405.80
405.90
406.00
406.10
406.20
406.30
406.40
406.50
406.60
406.70
406.80
406.90
407.00
407.10
407.20
407.30
407.40
407.50
407.60
407.70
407.80
407.90
408.00
408.10
408.20
408.30
408.40
408.50
408.60
408.70
408.80
408.90
409.00
409.10
409.20
409.30
409.40
409.50
409.60
409.70
409.80
409.90
410.00
410.10
410.20
410.30
410.40
410.50
410.60
410.70
410.80
410.90
411.00
411.10
411.20
411.30
411.40
411.50
411.60
411.70
411.80
411.90
412.00
412.10
412.20
412.30
412.40
412.50
412.60
412.70
412.80
412.90
413.00
413.10
413.20
413.30
413.40
413.50
413.60
413.70
413.80
413.90
414.00
414.10
414.20
414.30
414.40
414.50
414.60
414.70
414.80
414.90
415.00
415.10
415.20
415.30
415.40
415.50
415.60
415.70
415.80
415.90
416.00
416.10
416.20
416.30
416.40
416.50
416.60
416.70
416.80
416.90
417.00
417.10
417.20
417.30
417.40
417.50
417.60
417.70
417.80
417.90
418.00
418.10
418.20
418.30
418.40
418.50
418.60
418.70
418.80
418.90
419.00
419.10
419.20
419.30
419.40
419.50
419.60
419.70
419.80
419.90
420.00
420.10
420.20
420.30
420.40
420.50
420.60
420.70
420.80
420.90
421.00
421.10
421.20
421.30
421.40
421.50
421.60
421.70
421.80
421.90
422.00
422.10
422.20
422.30
422.40
422.50
422.60
422.70
422.80
422.90
423.00
423.10
423.20
423.30
423.40
423.50
423.60
423.70
423.80
423.90
424.00
424.10
424.20
424.30
424.40
424.50
424.60
424.70
424.80
424.90
425.00
425.10
425.20
425.30
425.40
425.50
425.60
425.70
425.80
425.90
426.00
426.10
426.20
426.30
426.40
426.50
426.60
426.70
426.80
426.90
427.00
427.10
427.20
427.30
427.40
427.50
427.60
427.70
427.80
427.90
428.00
428.10
428.20
428.30
428.40
428.50
428.60
428.70
428.80
428.90
429.00
429.10
429.20
429.30
429.40
429.50
429.60
429.70
429.80
429.90
430.00
430.10
430.20
430.30
430.40
430.50
430.60
430.70
430.80
430.90
431.00
431.10
431.20
431.30
431.40
431.50
431.60
431.70
431.80
431.90
432.00
432.10
432.20
432.30
432.40
432.50
432.60
432.70
432.80
432.90
433.00
433.10
433.20
433.30
433.40
433.50
433.60
433.70
433.80
433.90
434.00
434.10
434.20
434.30
434.40
434.50
434.60
434.70
434.80
434.90
435.00
435.10
435.20
435.30
435.40
435.50
435.60
435.70
435.80
435.90
436.00
436.10
436.20
436.30
436.40
436.50
436.60
436.70
436.80
436.90
437.00
437.10
437.20
437.30
437.40
437.50
437.60
437.70
437.80
437.90
438.00
438.10
438.20
438.30
438.40
438.50
438.60
438.70
438.80
438.90
439.00
439.10
439.20
439.30
439.40
439.50
439.60
439.70
439.80
439.90
440.00
440.10
440.20
440.30
440.40
440.50
440.60
440.70
440.80
440.90
441.00
441.10
441.20
441.30
441.40
441.50
441.60
441.70
441.80
441.90
442.00
442.10
442.20
442.30
442.40
442.50
442.60
442.70
442.80
442.90
443.00
443.10
443.20
443.30
443.40
443.50
443.60
443.70
443.80
443.90
444.00
444.10
444.20
444.30
444.40
444.50
444.60
444.70
444.80
444.90
445.00
445.10
445.20
445.30
445.40
445.50
445.60
445.70
445.80
445.90
446.00
446.10
446.20
446.30
446.40
446.50
446.60
446.70
446.80
446.90
447.00
447.10
447.20
447.30
447.40
447.50
447.60
447.70
447.80
447.90
448.00
448.10
448.20
448.30
448.40
448.50
448.60
448.70
448.80
448.90
449.00
449.10
449.20
449.30
449.40
449.50
449.60
449.70
449.80
449.90
450.00
450.10
450.20
450.30
450.40
450.50
450.60
450.70
450.80
450.90
451.00
451.10
451.20
451.30
451.40
451.50
451.60
451.70
451.80
451.90
452.00
452.10
452.20
452.30
452.40
452.50
452.60
452.70
452.80
452.90
453.00
453.10
453.20
453.30
453.40
453.50
453.60
453.70
453.80
453.90
454.00
454.10
454.20
454.30
454.40
454.50
454.60
454.70
454.80
454.90
455.00
455.10
455.20
455.30
455.40
455.50
455.60
455.70
455.80
455.90
456.00
456.10
456.20
456.30
456.40
456.50
456.60
456.70
456.80
456.90
457.00
457.10
457.20
457.30
457.40
457.50
457.60
457.70
457.80
457.90
458.00
458.10
458.20
458.30
458.40
458.50
458.60
458.70
458.80
458.90
459.00
459.10
459.20
459.30
459.40
459.50
459.60
459.70
459.80
459.90
460.00
460.10
460.20
460.30
460.40
460.50
460.60
460.70
460.80
460.90
461.00
461.10
461.20
461.30
461.40
461.50
461.60
461.70
461.80
461.90
462.00
462.10
462.20
462.30
462.40
462.50
462.60
462.70
462.80
462.90
463.00
463.10
463.20
463.30
463.40
463.50
463.60
463.70
463.80
463.90
464.00
464.10
464.20
464.30
464.40
464.50
464.60
464.70
464.80
464.90
465.00
465.10
465.20
465.30
465.40
465.50
465.60
465.70
465.80
465.90
466.00
466.10
466.20
466.30
466.40
466.50
466.60
466.70
466.80
466.90
467.00
467.10
467.20
467.30
467.40
467.50
467.60
467.70
467.80
467.90
468.00
468.10
468.20
468.30
468.40
468.50
468.60
468.70
468.80
468.90
469.00
469.10
469.20
469.30
469.40
469.50
469.60
469.70
469.80
469.90
470.00
470.10
470.20
470.30
470.40
470.50
470.60
470.70
470.80
470.90
471.00
471.10
471.20
471.30
471.40
471.50
471.60
471.70
471.80
471.90
472.00
472.10
472.20
472.30
472.40
472.50
472.60
472.70
472.80
472.90
473.00
473.10
473.20
473.30
473.40
473.50
473.60
473.70
473.80
473.90
474.00
474.10
474.20
474.30
474.40
474.50
474.60
474.70
474.80
474.90
475.00
475.10
475.20
475.30
475.40
475.50
475.60
475.70
475.80
475.90
476.00
476.10
476.20
476.30
476.40
476.50
476.60
476.70
476.80
476.90
477.00
477.10
477.20
477.30
477.40
477.50
477.60
477.70
477.80
477.90
478.00
478.10
478.20
478.30
478.40
478.50
478.60
478.70
478.80
478.90
479.00
479.10
479.20
479.30
479.40
479.50
479.60
479.70
479.80
479.90
480.00
480.10
480.20
480.30
480.40
480.50
480.60
480.70
480.80
480.90
481.00
481.10
481.20
481.30
481.40
481.50
481.60
481.70
481.80
481.90
482.00
482.10
482.20
482.30
482.40
482.50
482.60
482.70
482.80
482.90
483.00
483.10
483.20
483.30
483.40
483.50
483.60
483.70
483.80
483.90
484.00
484.10
484.20
484.30
484.40
484.50
484.60
484.70
484.80
484.90
485.00
485.10
485.20
485.30
485.40
485.50
485.60
485.70
485.80
485.90
486.00
486.10
486.20
486.30
486.40
486.50
486.60
486.70
486.80
486.90
487.00
487.10
487.20
487.30
487.40
487.50
487.60
487.70
487.80
487.90
488.00
488.10
488.20
488.30
488.40
488.50
488.60
488.70
488.80
488.90
489.00
489.10
489.20
489.30
489.40
489.50
489.60
489.70
489.80
489.90
490.00
490.10
490.20
490.30
490.40
490.50
490.60
490.70
490.80
490.90
491.00
491.10
491.20
491.30
491.40
491.50
491.60
491.70
491.80
491.90
492.00
492.10
492.20
492.30
492.40
492.50
492.60
492.70
492.80
492.90
493.00
493.10
493.20
493.30
493.40
493.50
493.60
493.70
493.80
493.90
494.00
494.10
494.20
494.30
494.40
494.50
494.60
494.70
494.80
494.90
495.00
495.10
495.20
495.30
495.40
495.50
495.60
495.70
495.80
495.90
496.00
496.10
496.20
496.30
496.40
496.50
496.60
496.70
496.80
496.90
497.00
497.10
497.20
497.30
497.40
497.50
497.60
497.70
497.80
497.90
498.00
498.10
498.20
498.30
498.40
498.50
498.60
498.70
498.80
498.90
499.00
499.10
499.20
499.30
499.40
499.50
499.60
499.70
499.80
499.90
500.00
500.10
500.20
500.30
500.40
500.50
500.60
500.70
500.80
500.90
501.00
501.10
501.20
501.30
501.40
501.50
501.60
501.70
501.80
501.90
502.00
502.10
502.20
502.30
502.40
502.50
502.60
502.70
502.80
502.90
503.00
503.10
503.20
503.30
503.40
503.50
503.60
503.70
503.80
503.90
504.00
504.10
504.20
504.30
504.40
504.50
504.60
504.70
504.80
504.90
505.00
505.10
505.20
505.30
505.40
505.50
505.60
505.70
505.80
505.90
506.00
506.10
506.20
506.30
506.40
506.50
506.60
506.70
506.80
506.90
507.00
507.10
507.20
507.30
507.40
507.50
507.60
507.70
507.80
507.90
508.00
508.10
508.20
508.30
508.40
508.50
508.60
508.70
508.80
508.90
509.00
509.10
509.20
509.30
509.40
509.50
509.60
509.70
509.80
509.90
510.00
510.10
510.20
510.30
510.40
510.50
510.60
510.70
510.80
510.90
511.00
511.10
511.20
511.30
511.40
511.50
511.60
511.70
511.80
511.90
512.00
512.10
512.20
512.30
512.40
512.50
512.60
512.70
512.80
512.90
513.00
513.10
513.20
513.30
513.40
513.50
513.60
513.70
513.80
513.90
514.00
514.10
514.20
514.30
514.40
514.50
514.60
514.70
514.80
514.90
515.00
515.10
515.20
515.30
515.40
515.50
515.60
515.70
515.80
515.90
516.00
516.10
516.20
516.30
516.40
516.50
516.60
516.70
516.80
516.90
517.00
517.10
517.20
517.30
517.40
517.50
517.60
517.70
517.80
517.90
518.00
518.10
518.20
518.30
518.40
518.50
518.60
518.70
518.80
518.90
519.00
519.10
519.20
519.30
519.40
519.50
519.60
519.70
519.80
519.90
520.00
520.10
520.20
520.30
520.40
520.50
520.60
520.70
520.80
520.90
521.00
521.10
521.20
521.30
521.40
521.50
521.60
521.70
521.80
521.90
522.00
522.10
522.20
522.30
522.40
522.50
522.60
522.70
522.80
522.90
523.00
523.10
523.20
523.30
523.40
523.50
523.60
523.70
523.80
523.90
524.00
524.10
524.20
524.30
524.40
524.50
524.60
524.70
524.80
524.90
525.00
525.10
525.20
525.30
525.40
525.50
525.60
525.70
525.80
525.90
526.00
526.10
526.20
526.30
526.40
526.50
526.60
526.70
526.80
526.90
527.00
527.10
527.20
527.30
527.40
527.50
527.60
527.70
527.80
527.90
528.00
528.10
528.20
528.30
528.40
528.50
528.60
528.70
528.80
528.90
529.00
529.10
529.20
529.30
529.40
529.50
529.60
529.70
529.80
529.90
530.00
530.10
530.20
530.30
530.40
530.50
530.60
530.70
530.80
530.90
531.00
531.10
531.20
531.30
531.40
531.50
531.60
531.70
531.80
531.90
532.00
532.10
532.20
532.30
532.40
532.50
532.60
532.70
532.80
532.90
533.00
533.10
533.20
533.30
533.40
533.50
533.60
533.70
533.80
533.90
534.00
534.10
534.20
534.30
534.40
534.50
534.60
534.70
534.80
534.90
535.00
535.10
535.20
535.30
535.40
535.50
535.60
535.70
535.80
535.90
536.00
536.10
536.20
536.30
536.40
536.50
536.60
536.70
536.80
536.90
537.00
537.10
537.20
537.30
537.40
537.50
537.60
537.70
537.80
537.90
538.00
538.10
538.20
538.30
538.40
538.50
538.60
538.70
538.80
538.90
539.00
539.10
539.20
539.30
539.40
539.50
539.60
539.70
539.80
539.90
540.00
540.10
540.20
540.30
540.40
540.50
540.60
540.70
540.80
540.90
541.00
541.10
541.20
541.30
541.40
541.50
541.60
541.70
541.80
541.90
542.00
542.10
542.20
542.30
542.40
542.50
542.60
542.70
542.80
542.90
543.00
543.10
543.20
543.30
543.40
543.50
543.60
543.70
543.80
543.90
544.00
544.10
544.20
544.30
544.40
544.50
544.60
544.70
544.80
544.90
545.00
545.10
545.20
545.30
545.40
545.50
545.60
545.70
545.80
545.90
546.00
546.10
546.20
546.30
546.40
546.50
546.60
546.70
546.80
546.90
547.00
547.10
547.20
547.30
547.40
547.50
547.60
547.70
547.80
547.90
548.00
548.10
548.20
548.30
548.40
548.50
548.60
548.70
548.80
548.90
549.00
549.10
549.20
549.30
549.40
549.50
549.60
549.70
549.80
549.90
550.00
550.10
550.20
550.30
550.40
550.50
550.60
550.70
550.80
550.90
551.00
551.10
551.20
551.30
551.40
551.50
551.60
551.70
551.80
551.90
552.00
552.10
552.20
552.30
552.40
552.50
552.60
552.70
552.80
552.90
553.00
553.10
553.20
553.30
553.40
553.50
553.60
553.70
553.80
553.90
554.00
554.10
554.20
554.30
554.40
554.50
554.60
554.70
554.80
554.90
555.00
555.10
555.20
555.30
555.40
555.50
555.60
555.70
555.80
555.90
556.00
556.10
556.20
556.30
556.40
556.50
556.60
556.70
556.80
556.90
557.00
557.10
557.20
557.30
557.40
557.50
557.60
557.70
557.80
557.90
558.00
558.10
558.20
558.30
558.40
558.50
558.60
558.70
558.80
558.90
559.00
559.10
559.20
559.30
559.40
559.50
559.60
559.70
559.80
559.90
560.00
560.10
560.20
560.30
560.40
560.50
560.60
560.70
560.80
560.90
561.00
561.10
561.20
561.30
561.40
561.50
561.60
561.70
561.80
561.90
562.00
562.10
562.20
562.30
562.40
562.50
562.60
562.70
562.80
562.90
563.00
563.10
563.20
563.30
563.40
563.50
563.60
563.70
563.80
563.90
564.00
564.10
564.20
564.30
564.40
564.50
564.60
564.70
564.80
564.90
565.00
565.10
565.20
565.30
565.40
565.50
565.60
565.70
565.80
565.90
566.00
566.10
566.20
566.30
566.40
566.50
566.60
566.70
566.80
566.90
567.00
567.10
567.20
567.30
567.40
567.50
567.60
567.70
567.80
567.90
568.00
568.10
568.20
568.30
568.40
568.50
568.60
568.70
568.80
568.90
569.00
569.10
569.20
569.30
569.40
569.50
569.60
569.70
569.80
569.90
570.00
570.10
570.20
570.30
570.40
570.50
570.60
570.70
570.80
570.90
571.00
571.10
571.20
571.30
571.40
571.50
571.60
571.70
571.80
571.90
572.00
572.10
572.20
572.30
572.40
572.50
572.60
572.70
572.80
572.90
573.00
573.10
573.20
573.30
573.40
573.50
573.60
573.70
573.80
573.90
574.00
574.10
574.20
574.30
574.40
574.50
574.60
574.70
574.80
574.90
575.00
575.10
575.20
575.30
575.40
575.50
575.60
575.70
575.80
575.90
576.00
576.10
576.20
576.30
576.40
576.50
576.60
576.70
576.80
576.90
577.00
577.10
577.20
577.30
577.40
577.50
577.60
577.70
577.80
577.90
578.00
578.10
578.20
578.30
578.40
578.50
578.60
578.70
578.80
578.90
579.00
579.10
579.20
579.30
579.40
579.50
579.60
579.70
579.80
579.90
580.00
580.10
580.20
580.30
580.40
580.50
580.60
580.70
580.80
580.90
581.00
581.10
581.20
581.30
581.40
581.50
581.60
581.70
581.80
581.90
582.00
582.10
582.20
582.30
582.40
582.50
582.60
582.70
582.80
582.90
583.00
583.10
583.20
583.30
583.40
583.50
583.60
583.70
583.80
583.90
584.00
584.10
584.20
584.30
584.40
584.50
584.60
584.70
584.80
584.90
585.00
585.10
585.20
585.30
585.40
585.50
585.60
585.70
585.80
585.90
586.00
586.10
586.20
586.30
586.40
586.50
586.60
586.70
586.80
586.90
587.00
587.10
587.20
587.30
587.40
587.50
587.60
587.70
587.80
587.90
588.00
588.10
588.20
588.30
588.40
588.50
588.60
588.70
588.80
588.90
589.00
589.10
589.20
589.30
589.40
589.50
589.60
589.70
589.80
589.90
590.00
590.10
590.20
590.30
590.40
590.50
590.60
590.70
590.80
590.90
591.00
591.10
591.20
591.30
591.40
591.50
591.60
591.70
591.80
591.90
592.00
592.10
592.20
592.30
592.40
592.50
592.60
592.70
592.80
592.90
593.00
593.10
593.20
593.30
593.40
593.50
593.60
593.70
593.80
593.90
594.00
594.10
594.20
594.30
594.40
594.50
594.60
594.70
594.80
594.90
595.00
595.10
595.20
595.30
595.40
595.50
595.60
595.70
595.80
595.90
596.00
596.10
596.20
596.30
596.40
596.50
596.60
596.70
596.80
596.90
597.00
597.10
597.20
597.30
597.40
597.50
597.60
597.70
597.80
597.90
598.00
598.10
598.20
598.30
598.40
598.50
598.60
598.70
598.80
598.90
599.00
599.10
599.20
599.30
599.40
599.50
599.60
599.70
599.80
599.90
600.00
600.10
600.20
600.30
600.40
600.50
600.60
600.70
600.80
600.90
601.00
601.10
601.20
601.30
601.40
601.50
601.60
601.70
601.80
601.90
602.00
602.10
602.20
602.30
602.40
602.50
602.60
602.70
602.80
602.90
603.00
603.10
603.20
603.30
603.40
603.50
603.60
603.70
603.80
603.90
604.00
604.10
604.20
604.30
604.40
604.50
604.60
604.70
604.80
604.90
605.00
605.10
605.20
605.30
605.40
605.50
605.60
605.70
605.80
605.90
606.00
606.10
606.20
606.30
606.40
606.50
606.60
606.70
606.80
606.90
607.00
607.10
607.20
607.30
607.40
607.50
607.60
607.70
607.80
607.90
608.00
608.10
608.20
608.30
608.40
608.50
608.60
608.70
608.80
608.90
609.00
609.10
609.20
609.30
609.40
609.50
609.60
609.70
609.80
609.90
610.00
610.10
610.20
610.30
610.40
610.50
610.60
610.70
610.80
610.90
611.00
611.10
611.20
611.30
611.40
611.50
611.60
611.70
611.80
611.90
612.00
612.10
612.20
612.30
612.40
612.50
612.60
612.70
612.80
612.90
613.00
613.10
613.20
613.30
613.40
613.50
613.60
613.70
613.80
613.90
614.00
614.10
614.20
614.30
614.40
614.50
614.60
614.70
614.80
614.90
615.00
615.10
615.20
615.30
615.40
615.50
615.60
615.70
615.80
615.90
616.00
616.10
616.20
616.30
616.40
616.50
616.60
616.70
616.80
616.90
617.00
617.10
617.20
617.30
617.40
617.50
617.60
617.70
617.80
617.90
618.00
618.10
618.20
618.30
618.40
618.50
618.60
618.70
618.80
618.90
619.00
619.10
619.20
619.30
619.40
619.50
619.60
619.70
619.80
619.90
620.00
620.10
620.20
620.30
620.40
620.50
620.60
620.70
620.80
620.90
621.00
621.10
621.20
621.30
621.40
621.50
621.60
621.70
621.80
621.90
622.00
622.10
622.20
622.30
622.40
622.50
622.60
622.70
622.80
622.90
623.00
623.10
623.20
623.30
623.40
623.50
623.60
623.70
623.80
623.90
624.00
624.10
624.20
624.30
624.40
624.50
624.60
624.70
624.80
624.90
625.00
625.10
625.20
625.30
625.40
625.50
625.60
625.70
625.80
625.90
626.00
626.10
626.20
626.30
626.40
626.50
626.60
626.70
626.80
626.90
627.00
627.10
627.20
627.30
627.40
627.50
627.60
627.70
627.80
627.90
628.00
628.10
628.20
628.30
628.40
628.50
628.60
628.70
628.80
628.90
629.00
629.10
629.20
629.30
629.40
629.50
629.60
629.70
629.80
629.90
630.00
630.10
630.20
630.30
630.40
630.50
630.60
630.70
630.80
630.90
631.00
631.10
631.20
631.30
631.40
631.50
631.60
631.70
631.80
631.90
632.00
632.10
632.20
632.30
632.40
632.50
632.60
632.70
632.80
632.90
633.00
633.10
633.20
633.30
633.40
633.50
633.60
633.70
633.80
633.90
634.00
634.10
634.20
634.30
634.40
634.50
634.60
634.70
634.80
634.90
635.00
635.10
635.20
635.30
635.40
635.50
635.60
635.70
635.80
635.90
636.00
636.10
636.20
636.30
636.40
636.50
636.60
636.70
636.80
636.90
637.00
637.10
637.20
637.30
637.40
637.50
637.60
637.70
637.80
637.90
638.00
638.10
638.20
638.30
638.40
638.50
638.60
638.70
638.80
638.90
639.00
639.10
639.20
639.30
639.40
639.50
639.60
639.70
639.80
639.90
640.00
640.10
640.20
640.30
640.40
640.50
640.60
640.70
640.80
640.90
641.00
641.10
641.20
641.30
641.40
641.50
641.60
641.70
641.80
641.90
642.00
642.10
642.20
642.30
642.40
642.50
642.60
642.70
642.80
642.90
643.00
643.10
643.20
643.30
643.40
643.50
643.60
643.70
643.80
643.90
644.00
644.10
644.20
644.30
644.40
644.50
644.60
644.70
644.80
644.90
645.00
645.10
645.20
645.30
645.40
645.50
645.60
645.70
645.80
645.90
646.00
646.10
646.20
646.30
646.40
646.50
646.60
646.70
646.80
646.90
647.00
647.10
647.20
647.30
647.40
647.50
647.60
647.70
647.80
647.90
648.00
648.10
648.20
648.30
648.40
648.50
648.60
648.70
648.80
648.90
649.00
649.10
649.20
649.30
649.40
649.50
649.60
649.70
649.80
649.90
650.00
650.10
650.20
650.30
650.40
650.50
650.60
650.70
650.80
650.90
651.00
651.10
651.20
651.30
651.40
651.50
651.60
651.70
651.80
651.90
652.00
652.10
652.20
652.30
652.40
652.50
652.60
652.70
652.80
652.90
653.00
653.10
653.20
653.30
653.40
653.50
653.60
653.70
653.80
653.90
654.00
654.10
654.20
654.30
654.40
654.50
654.60
654.70
654.80
654.90
655.00
655.10
655.20
655.30
655.40
655.50
655.60
655.70
655.80
655.90
656.00
656.10
656.20
656.30
656.40
656.50
656.60
656.70
656.80
656.90
657.00
657.10
657.20
657.30
657.40
657.50
657.60
657.70
657.80
657.90
658.00
658.10
658.20
658.30
658.40
658.50
658.60
658.70
658.80
658.90
659.00
659.10
659.20
659.30
659.40
659.50
659.60
659.70
659.80
659.90
660.00
660.10
660.20
660.30
660.40
660.50
660.60
660.70
660.80
660.90
661.00
661.10
661.20
661.30
661.40
661.50
661.60
661.70
661.80
661.90
662.00
662.10
662.20
662.30
662.40
662.50
662.60
662.70
662.80
662.90
663.00
663.10
663.20
663.30
663.40
663.50
663.60
663.70
663.80
663.90
664.00
664.10
664.20
664.30
664.40
664.50
664.60
664.70
664.80
664.90
665.00
665.10
665.20
665.30
665.40
665.50
665.60
665.70
665.80
665.90
666.00
666.10
666.20
666.30
666.40
666.50
666.60
666.70
666.80
666.90
667.00
667.10
667.20
667.30
667.40
667.50
667.60
667.70
667.80
667.90
668.00
668.10
668.20
668.30
668.40
668.50
668.60
668.70
668.80
668.90
669.00
669.10
669.20
669.30
669.40
669.50
669.60
669.70
669.80
669.90
670.00
670.10
670.20
670.30
670.40
670.50
670.60
670.70
670.80
670.90
671.00
671.10
671.20
671.30
671.40
671.50
671.60
671.70
671.80
671.90
672.00
672.10
672.20
672.30
672.40
672.50
672.60
672.70
672.80
672.90
673.00
673.10
673.20
673.30
673.40
673.50
673.60
673.70
673.80
673.90
674.00
674.10
674.20
674.30
674.40
674.50
674.60
674.70
674.80
674.90
675.00
675.10
675.20
675.30
675.40
675.50
675.60
675.70
675.80
675.90
676.00
676.10
676.20
676.30
676.40
676.50
676.60
676.70
676.80
676.90
677.00
677.10
677.20
677.30
677.40
677.50
677.60
677.70
677.80
677.90
678.00
678.10
678.20
678.30
678.40
678.50
678.60
678.70
678.80
678.90
679.00
679.10
679.20
679.30
679.40
679.50
679.60
679.70
679.80
679.90
680.00
680.10
680.20
680.30
680.40
680.50
680.60
680.70
680.80
680.90
681.00
681.10
681.20
681.30
681.40
681.50
681.60
681.70
681.80
681.90
682.00
682.10
682.20
682.30
682.40
682.50
682.60
682.70
682.80
682.90
683.00
683.10
683.20
683.30
683.40
683.50
683.60
683.70
683.80
683.90
684.00
684.10
684.20
684.30
684.40
684.50
684.60
684.70
684.80
684.90
685.00
685.10
685.20
685.30
685.40
685.50
685.60
685.70
685.80
685.90
686.00
686.10
686.20
686.30
686.40
686.50
686.60
686.70
686.80
686.90
687.00
687.10
687.20
687.30
687.40
687.50
687.60
687.70
687.80
687.90
688.00
688.10
688.20
688.30
688.40
688.50
688.60
688.70
688.80
688.90
689.00
689.10
689.20
689.30
689.40
689.50
689.60
689.70
689.80
689.90
690.00
690.10
690.20
690.30
690.40
690.50
690.60
690.70
690.80
690.90
691.00
691.10
691.20
691.30
691.40
691.50
691.60
691.70
691.80
691.90
692.00
692.10
692.20
692.30
692.40
692.50
692.60
692.70
692.80
692.90
693.00
693.10
693.20
693.30
693.40
693.50
693.60
693.70
693.80
693.90
694.00
694.10
694.20
694.30
694.40
694.50
694.60
694.70
694.80
694.90
695.00
695.10
695.20
695.30
695.40
695.50
695.60
695.70
695.80
695.90
696.00
696.10
696.20
696.30
696.40
696.50
696.60
696.70
696.80
696.90
697.00
697.10
697.20
697.30
697.40
697.50
697.60
697.70
697.80
697.90
698.00
698.10
698.20
698.30
698.40
698.50
698.60
698.70
698.80
698.90
699.00
699.10
699.20
699.30
699.40
699.50
699.60
699.70
699.80
699.90
700.00
700.10
700.20
700.30
700.40
700.50
700.60
700.70
700.80
700.90
701.00
701.10
701.20
701.30
701.40
701.50
701.60
701.70
701.80
701.90
702.00
702.10
702.20
702.30
702.40
702.50
702.60
702.70
702.80
702.90
703.00
703.10
703.20
703.30
703.40
703.50
703.60
703.70
703.80
703.90
704.00
704.10
704.20
704.30
704.40
704.50
704.60
704.70
704.80
704.90
705.00
705.10
705.20
705.30
705.40
705.50
705.60
705.70
705.80
705.90
706.00
706.10
706.20
706.30
706.40
706.50
706.60
706.70
706.80
706.90
707.00
707.10
707.20
707.30
707.40
707.50
707.60
707.70
707.80
707.90
708.00
708.10
708.20
708.30
708.40
708.50
708.60
708.70
708.80
708.90
709.00
709.10
709.20
709.30
709.40
709.50
709.60
709.70
709.80
709.90
710.00
710.10
710.20
710.30
710.40
710.50
710.60
710.70
710.80
710.90
711.00
711.10
711.20
711.30
711.40
711.50
711.60
711.70
711.80
711.90
712.00
712.10
712.20
712.30
712.40
712.50
712.60
712.70
712.80
712.90
713.00
713.10
713.20
713.30
713.40
713.50
713.60
713.70
713.80
713.90
714.00
714.10
714.20
714.30
714.40
714.50
714.60
714.70
714.80
714.90
715.00
715.10
715.20
715.30
715.40
715.50
715.60
715.70
715.80
715.90
716.00
716.10
716.20
716.30
716.40
716.50
716.60
716.70
716.80
716.90
717.00
717.10
717.20
717.30
717.40
717.50
717.60
717.70
717.80
717.90
718.00
718.10
718.20
718.30
718.40
718.50
718.60
718.70
718.80
718.90
719.00
719.10
719.20
719.30
719.40
719.50
719.60
719.70
719.80
719.90
720.00
720.10
720.20
720.30
720.40
720.50
720.60
720.70
720.80
720.90
721.00
721.10
721.20
721.30
721.40
721.50
721.60
721.70
721.80
721.90
722.00
722.10
722.20
722.30
722.40
722.50
722.60
722.70
722.80
722.90
723.00
723.10
723.20
723.30
723.40
723.50
723.60
723.70
723.80
723.90
724.00
724.10
724.20
724.30
724.40
724.50
724.60
724.70
724.80
724.90
725.00
725.10
725.20
725.30
725.40
725.50
725.60
725.70
725.80
725.90
726.00
726.10
726.20
726.30
726.40
726.50
726.60
726.70
726.80
726.90
727.00
727.10
727.20
727.30
727.40
727.50
727.60
727.70
727.80
727.90
728.00
728.10
728.20
728.30
728.40
728.50
728.60
728.70
728.80
728.90
729.00
729.10
729.20
729.30
729.40
729.50
729.60
729.70
729.80
729.90
730.00
730.10
730.20
730.30
730.40
730.50
730.60
730.70
730.80
730.90
731.00
731.10
731.20
731.30
731.40
731.50
731.60
731.70
731.80
731.90
732.00
732.10
732.20
732.30
732.40
732.50
732.60
732.70
732.80
732.90
733.00
733.10
733.20
733.30
733.40
733.50
733.60
733.70
733.80
733.90
734.00
734.10
734.20
734.30
734.40
734.50
734.60
734.70
734.80
734.90
735.00
735.10
735.20
735.30
735.40
735.50
735.60
735.70
735.80
735.90
736.00
736.10
736.20
736.30
736.40
736.50
736.60
736.70
736.80
736.90
737.00
737.10
737.20
737.30
737.40
737.50
737.60
737.70
737.80
737.90
738.00
738.10
738.20
738.30
738.40
738.50
738.60
738.70
738.80
738.90
739.00
739.10
739.20
739.30
739.40
739.50
739.60
739.70
739.80
739.90
740.00
740.10
740.20
740.30
740.40
740.50
740.60
740.70
740.80
740.90
741.00
741.10
741.20
741.30
741.40
741.50
741.60
741.70
741.80
741.90
742.00
742.10
742.20
742.30
742.40
742.50
742.60
742.70
742.80
742.90
743.00
743.10
743.20
743.30
743.40
743.50
743.60
743.70
743.80
743.90
744.00
744.10
744.20
744.30
744.40
744.50
744.60
744.70
744.80
744.90
745.00
745.10
745.20
745.30
745.40
745.50
745.60
745.70
745.80
745.90
746.00
746.10
746.20
746.30
746.40
746.50
746.60
746.70
746.80
746.90
747.00
747.10
747.20
747.30
747.40
747.50
747.60
747.70
747.80
747.90
748.00
748.10
748.20
748.30
748.40
748.50
748.60
748.70
748.80
748.90
749.00
749.10
749.20
749.30
749.40
749.50
749.60
749.70
749.80
749.90
750.00
750.10
750.20
750.30
750.40
750.50
750.60
750.70
750.80
750.90
751.00
751.10
751.20
751.30
751.40
751.50
751.60
751.70
751.80
751.90
752.00
752.10
752.20
752.30
752.40
752.50
752.60
752.70
752.80
752.90
753.00
753.10
753.20
753.30
753.40
753.50
753.60
753.70
753.80
753.90
754.00
754.10
754.20
754.30
754.40
754.50
754.60
754.70
754.80
754.90
755.00
755.10
755.20
755.30
755.40
755.50
755.60
755.70
755.80
755.90
756.00
756.10
756.20
756.30
756.40
756.50
756.60
756.70
756.80
756.90
757.00
757.10
757.20
757.30
757.40
757.50
757.60
757.70
757.80
757.90
758.00
758.10
758.20
758.30
758.40
758.50
758.60
758.70
758.80
758.90
759.00
759.10
759.20
759.30
759.40
759.50
759.60
759.70
759.80
759.90
760.00
760.10
760.20
760.30
760.40
760.50
760.60
760.70
760.80
760.90
761.00
761.10
761.20
761.30
761.40
761.50
761.60
761.70
761.80
761.90
762.00
762.10
762.20
762.30
762.40
762.50
762.60
762.70
762.80
762.90
763.00
763.10
763.20
763.30
763.40
763.50
763.60
763.70
763.80
763.90
764.00
764.10
764.20
764.30
764.40
764.50
764.60
764.70
764.80
764.90
765.00
765.10
765.20
765.30
765.40
765.50
765.60
765.70
765.80
765.90
766.00
766.10
766.20
766.30
766.40
766.50
766.60
766.70
766.80
766.90
767.00
767.10
767.20
767.30
767.40
767.50
767.60
767.70
767.80
767.90
768.00
768.10
768.20
768.30
768.40
768.50
768.60
768.70
768.80
768.90
769.00
769.10
769.20
769.30
769.40
769.50
769.60
769.70
769.80
769.90
770.00
770.10
770.20
770.30
770.40
770.50
770.60
770.70
770.80
770.90
771.00
771.10
771.20
771.30
771.40
771.50
771.60
771.70
771.80
771.90
772.00
772.10
772.20
772.30
772.40
772.50
772.60
772.70
772.80
772.90
773.00
773.10
773.20
773.30
773.40
773.50
773.60
773.70
773.80
773.90
774.00
774.10
774.20
774.30
774.40
774.50
774.60
774.70
774.80
774.90
775.00
775.10
775.20
775.30
775.40
775.50
775.60
775.70
775.80
775.90
776.00
776.10
776.20
776.30
776.40
776.50
776.60
776.70
776.80
776.90
777.00
777.10
777.20
777.30
777.40
777.50
777.60
777.70
777.80
777.90
778.00
778.10
778.20
778.30
778.40
778.50
778.60
778.70
778.80
778.90
779.00
779.10
779.20
779.30
779.40
779.50
779.60
779.70
779.80
779.90
780.00
780.10
780.20
780.30
780.40
780.50
780.60
780.70
780.80
780.90
781.00
781.10
781.20
781.30
781.40
781.50
781.60
781.70
781.80
781.90
782.00
782.10
782.20
782.30
782.40
782.50
782.60
782.70
782.80
782.90
783.00
783.10
783.20
783.30
783.40
783.50
783.60
783.70
783.80
783.90
784.00
784.10
784.20
784.30
784.40
784.50
784.60
784.70
784.80
784.90
785.00
785.10
785.20
785.30
785.40
785.50
785.60
785.70
785.80
785.90
786.00
786.10
786.20
786.30
786.40
786.50
786.60
786.70
786.80
786.90
787.00
787.10
787.20
787.30
787.40
787.50
787.60
787.70
787.80
787.90
788.00
788.10
788.20
788.30
788.40
788.50
788.60
788.70
788.80
788.90
789.00
789.10
789.20
789.30
789.40
789.50
789.60
789.70
789.80
789.90
790.00
790.10
790.20
790.30
790.40
790.50
790.60
790.70
790.80
790.90
791.00
791.10
791.20
791.30
791.40
791.50
791.60
791.70
791.80
791.90
792.00
792.10
792.20
792.30
792.40
792.50
792.60
792.70
792.80
792.90
793.00
793.10
793.20
793.30
793.40
793.50
793.60
793.70
793.80
793.90
794.00
794.10
794.20
794.30
794.40
794.50
794.60
794.70
794.80
794.90
795.00
795.10
795.20
795.30
795.40
795.50
795.60
795.70
795.80
795.90
796.00
796.10
796.20
796.30
796.40
796.50
796.60
796.70
796.80
796.90
797.00
797.10
797.20
797.30
797.40
797.50
797.60
797.70
797.80
797.90
798.00
798.10
798.20
798.30
798.40
798.50
798.60
798.70
798.80
798.90
799.00
799.10
799.20
799.30
799.40
799.50
799.60
799.70
799.80
799.90

Interval
0.00
0.00


